9	9	1	16
9	9	9	20
9	1	9	21
9	9	9	34
9	9	9	39
9	9	9	50
9	9	9	51
9	9	9	60
9	9	9	61
9	9	9	63
9	9	9	64
9	9	9	70
9	9	9	71
9	9	9	81
9	9	9	86
9	9	1	96
9	9	9	100
9	1	9	101
9	9	9	103
9	9	9	104
9	9	9	110
9	9	9	111
9	9	9	112
9	9	9	114
9	9	9	117
9	9	9	119
9	9	9	120
9	9	9	121
9	1	9	127
9	9	9	128
9	9	9	129
9	1	1	131
9	1	9	132
9	9	9	143
9	9	9	146
9	9	9	150
9	9	9	151
9	9	9	153
9	9	9	154
9	9	9	165
9	1	9	170
9	9	9	171
9	9	1	172
9	9	9	174
9	1	9	175
9	9	9	186
9	9	9	192
9	9	9	193
9	9	9	195
9	9	9	198
9	9	9	200
9	9	9	203
9	9	9	208
9	9	9	209
9	9	9	218
9	9	9	219
9	9	9	225
9	9	9	227
9	9	9	228
9	9	9	229
9	9	9	230
9	9	9	230
9	9	9	231
9	9	9	233
9	9	9	234
9	1	9	237
9	9	9	238
9	9	9	239
9	9	9	242
9	9	9	243
9	9	9	243
9	9	9	244
9	9	9	246
9	9	9	248
9	9	9	249
9	9	9	257
9	9	9	265
9	9	9	275
9	9	9	279
9	9	9	280
9	1	9	285
9	9	9	289
9	9	1	291
9	9	9	292
9	9	9	292
9	9	9	293
9	9	9	302
9	9	9	305
9	9	9	306
9	9	9	307
9	9	9	307
9	9	9	308
9	9	9	319
9	9	9	320
9	9	9	324
9	9	9	325
9	9	9	326
9	9	9	327
9	9	9	336
9	9	9	336
9	9	9	341
9	9	9	351
9	9	9	355
9	9	9	356
9	9	9	370
9	9	9	374
9	9	9	375
9	9	9	382
9	9	9	387
9	9	9	388
9	9	1	389
9	9	9	397
9	9	9	400
9	9	9	401
9	9	9	411
9	9	9	416
9	9	9	425
9	9	9	429
9	9	9	430
9	9	9	440
9	9	9	443
9	9	9	449
9	9	9	450
9	9	9	451
9	9	9	452
9	9	9	453
9	9	9	457
9	9	9	458
9	9	9	459
9	9	9	460
9	9	9	466
9	9	9	469
9	9	9	469
9	9	9	472
9	9	9	474
9	9	9	477
9	9	9	484
9	1	9	488
9	1	9	489
9	9	9	499
9	9	9	500
9	9	9	505
9	9	9	508
9	9	9	510
9	9	1	511
9	9	9	519
9	9	9	520
1	9	1	520
9	9	9	523
9	1	9	524
9	1	9	525
9	9	9	530
9	9	9	535
9	9	9	536
9	9	9	537
9	9	9	538
9	9	9	539
9	9	9	540
9	9	9	542
9	9	9	545
9	9	9	549
9	9	9	550
9	1	1	552
9	1	9	578
9	9	1	581
9	9	9	582
9	9	9	583
9	9	9	589
9	9	9	592
9	9	9	594
9	9	9	605
9	9	9	606
9	9	9	612
9	9	9	613
9	9	9	617
9	9	9	618
9	9	9	626
9	1	9	631
9	9	9	634
9	1	1	635
9	1	9	635
9	1	9	636
9	9	9	642
9	9	9	645
9	9	9	648
9	9	9	649
9	9	9	652
9	9	9	653
9	9	9	654
9	9	9	655
9	9	9	656
9	9	9	656
9	9	9	657
9	9	9	658
9	9	9	659
9	9	9	660
9	9	9	661
9	9	9	662
9	9	9	663
9	9	9	664
9	1	9	665
9	9	9	665
9	9	9	666
9	9	9	667
9	9	9	668
9	1	9	669
9	1	9	670
9	9	9	689
9	9	9	690
9	9	9	700
9	9	9	704
9	1	9	705
9	9	9	708
9	9	9	715
9	9	9	716
9	9	9	716
9	9	9	719
9	9	9	720
9	9	9	721
9	9	9	722
9	9	9	722
9	9	9	724
9	9	9	725
9	9	9	725
9	9	9	726
9	9	9	727
9	9	9	728
9	9	9	730
9	9	9	731
9	9	9	733
9	9	9	735
9	9	9	736
9	9	9	737
9	9	9	738
9	9	9	740
9	9	9	741
9	9	9	743
9	9	9	744
9	9	9	749
9	9	9	750
9	9	9	752
9	9	9	753
9	9	9	756
9	9	9	762
9	9	9	765
9	9	9	768
9	9	9	770
9	9	9	772
9	9	9	773
9	9	9	775
9	9	9	776
9	9	9	776
9	9	9	780
9	9	9	781
9	9	9	782
9	9	9	783
9	9	9	784
9	9	9	791
9	9	9	794
9	9	9	795
9	9	9	799
9	1	9	800
9	9	9	810
9	9	9	820
9	1	9	824
9	9	9	825
9	9	9	841
9	9	9	844
9	9	9	847
9	9	9	858
9	9	9	862
9	1	9	863
9	9	9	873
9	9	9	882
9	9	9	886
9	1	9	887
9	9	9	899
9	9	9	904
9	9	9	915
9	9	9	916
9	9	9	919
9	9	9	920
9	1	9	921
9	9	9	931
9	9	9	931
9	9	9	936
9	9	9	937
9	9	9	937
9	9	9	938
9	9	9	946
9	9	9	950
9	9	9	950
9	9	9	951
9	9	9	956
9	9	9	959
1	9	9	968
9	9	9	969
9	9	9	972
9	9	9	973
9	1	9	973
9	9	9	974
9	9	9	984
9	9	9	989
9	9	9	990
9	9	9	991
9	9	9	992
9	9	9	1001
9	9	9	1001
9	9	9	1005
9	9	9	1005
9	9	9	1006
9	1	9	1006
9	9	9	1015
9	9	9	1018
9	9	9	1020
9	9	9	1025
9	9	9	1028
9	9	9	1032
9	9	9	1033
9	9	9	1035
9	9	9	1036
9	9	9	1045
9	9	9	1049
9	9	9	1050
9	9	9	1051
9	9	9	1059
9	9	9	1060
9	9	9	1063
9	9	9	1086
9	9	9	1087
9	9	9	1090
9	9	9	1093
9	9	9	1093
9	9	9	1096
9	9	9	1096
9	9	9	1107
9	9	9	1111
9	9	9	1114
9	9	9	1118
9	9	9	1119
9	9	9	1120
9	9	9	1126
9	9	9	1130
9	1	9	1131
9	9	9	1142
9	9	9	1166
9	9	9	1167
9	9	9	1170
9	9	9	1176
9	9	9	1261
9	1	9	1264
9	9	9	1266
9	1	9	1267
9	9	9	1278
9	9	9	1281
9	9	1	1305
9	1	9	1309
9	9	9	1310
9	9	1	1325
9	9	9	1342
9	9	9	1344
9	9	9	1354
9	9	9	1450
9	9	9	1540
9	9	9	1541